   # This file was created in 2015
   # frequency [MHz]   real(s11)   imag(s11)   real(s12s21)   imag(s12s21)   real(s22)   imag(s22)
   1.0000000000000000e+00   1.4608947634343547e-04   3.0999667894116478e-04   9.9965279068968127e-01  -5.2548517195712841e-03   1.1658179751923801e-04   6.1724964265876521e-06
   2.0000000000000000e+00   2.6665802155355714e-04   3.7589115077104820e-04   9.9949543666366580e-01  -1.0515493946662180e-02   1.4157720484181527e-04   1.9192108592388355e-04
   3.0000000000000000e+00   3.3791870947553560e-04   4.3528720557534193e-04   9.9928619257473661e-01  -1.5667565769109191e-02   2.0337325643195457e-04   2.9683649154004161e-04
   4.0000000000000000e+00   3.9876363594849732e-04   5.0170941206202808e-04   9.9908221858053547e-01  -2.0787284048311629e-02   2.6743792564672467e-04   3.5915281412720126e-04
   5.0000000000000000e+00   4.6067313866521271e-04   5.6077855210751265e-04   9.9887797597677497e-01  -2.5884497189621346e-02   3.0589087197467130e-04   4.1253239220077952e-04
   6.0000000000000000e+00   5.1073069729978295e-04   6.2168540473096106e-04   9.9861913044855721e-01  -3.0958255611996152e-02   3.7030176860985205e-04   4.5795967722954254e-04
   7.0000000000000000e+00   5.6681332201002866e-04   6.7268334955593832e-04   9.9836349994912577e-01  -3.6026325260162737e-02   4.2411807723337542e-04   4.9767963944266755e-04
   8.0000000000000000e+00   6.2028012269350842e-04   7.2092803367890474e-04   9.9807941624470964e-01  -4.1083088598494931e-02   4.7109340710313501e-04   5.2976354451604514e-04
   9.0000000000000000e+00   6.7186513029978811e-04   7.6348256529177661e-04   9.9776741279770431e-01  -4.6120659500569240e-02   5.0835121695375204e-04   5.5805588206362939e-04
   1.0000000000000000e+01   7.2130325490463187e-04   8.0154605806262826e-04   9.9744714060991113e-01  -5.1160927731082391e-02   5.6225657760921124e-04   5.8770952421218739e-04
   1.1000000000000000e+01   7.6766878254196948e-04   8.3811189879057311e-04   9.9709906322056563e-01  -5.6192570724832344e-02   6.0368070320142688e-04   6.0864756283042888e-04
   1.2000000000000000e+01   8.1437882540209719e-04   8.7217671849023433e-04   9.9672675375647546e-01  -6.1213499662308421e-02   6.3817657470641317e-04   6.3047601657702462e-04
   1.3000000000000000e+01   8.5598149946605013e-04   9.0379732227907649e-04   9.9633878862177461e-01  -6.6236543619109564e-02   6.8684791600879007e-04   6.4625594094955274e-04
   1.4000000000000000e+01   9.0097521511757744e-04   9.3341084070408759e-04   9.9592762869697915e-01  -7.1249928104571758e-02   7.2429616839613659e-04   6.6128011519045037e-04
   1.5000000000000000e+01   9.4256991113250666e-04   9.6201007968355686e-04   9.9548968219868872e-01  -7.6256349055709410e-02   7.5656340192327214e-04   6.7761302855283705e-04
   1.6000000000000000e+01   9.8296477101790405e-04   9.8796196348653522e-04   9.9503484334627579e-01  -8.1265522992210376e-02   7.9929457788999604e-04   6.8904292331328039e-04
   1.7000000000000000e+01   1.0219576681841246e-03   1.0148045655563528e-03   9.9454948723989278e-01  -8.6271764351589467e-02   8.3568330334783257e-04   6.9784298385456092e-04
   1.8000000000000000e+01   1.0615537145184095e-03   1.0394248393932634e-03   9.9403713728129217e-01  -9.1269675444494131e-02   8.6345709122644674e-04   7.1005170469925659e-04
   1.9000000000000000e+01   1.0976090032609762e-03   1.0628605968122466e-03   9.9351332154496774e-01  -9.6265260391955140e-02   9.0859946215629246e-04   7.1820854865815669e-04
   2.0000000000000000e+01   1.1358277573930984e-03   1.0857821118416347e-03   9.9295692464222873e-01  -1.0125480571293899e-01   9.4279643634658330e-04   7.2604232520828726e-04
   2.1000000000000000e+01   1.1740914282548762e-03   1.1063188427642911e-03   9.9237304210462007e-01  -1.0623915962181560e-01   9.6804025146500516e-04   7.3538904927725537e-04
   2.2000000000000000e+01   1.2102714756089623e-03   1.1278209233358248e-03   9.9177241998331844e-01  -1.1122552709454488e-01   1.0077385566656055e-03   7.3756926463543811e-04
   2.3000000000000000e+01   1.2474203807610912e-03   1.1471899798229067e-03   9.9114377093108197e-01  -1.1620094510546394e-01   1.0401171160195279e-03   7.4337280137223274e-04
   2.4000000000000000e+01   1.2799551083435743e-03   1.1669434570215297e-03   9.9049114578595021e-01  -1.2117513875268530e-01   1.0757827293794925e-03   7.4725632861299604e-04
   2.5000000000000000e+01   1.3166409756754636e-03   1.1854942320501567e-03   9.8981264777004330e-01  -1.2613638265730109e-01   1.1048919175726192e-03   7.5119394435196234e-04
   2.6000000000000000e+01   1.3510351468690013e-03   1.2028807449289958e-03   9.8911159038239493e-01  -1.3109585913424465e-01   1.1395600917620302e-03   7.5590738510748106e-04
   2.7000000000000000e+01   1.3861380894510315e-03   1.2207270839619739e-03   9.8838799553956602e-01  -1.3605775309469539e-01   1.1711559159332684e-03   7.5601146055164295e-04
   2.8000000000000000e+01   1.4199308900524981e-03   1.2356305423404563e-03   9.8763407286445803e-01  -1.4100855885803662e-01   1.2031654659024902e-03   7.5758941845641397e-04
   2.9000000000000000e+01   1.4543302311208935e-03   1.2506051355475711e-03   9.8685697004937545e-01  -1.4595661100129018e-01   1.2339704712760094e-03   7.5858885426562626e-04
   3.0000000000000000e+01   1.4877155388293983e-03   1.2671161826376003e-03   9.8605735304544506e-01  -1.5089762240225782e-01   1.2653846574906195e-03   7.5994528948243969e-04
   3.1000000000000000e+01   1.5214295761110030e-03   1.2825810323590439e-03   9.8523317031165281e-01  -1.5583126668792890e-01   1.2948705334741863e-03   7.5762446209230272e-04
   3.2000000000000000e+01   1.5538784956950367e-03   1.2960977075492685e-03   9.8438542503055870e-01  -1.6076210985643469e-01   1.3268266815459184e-03   7.5599817525828317e-04
   3.3000000000000000e+01   1.5871533683498944e-03   1.3099534896959656e-03   9.8351334848619576e-01  -1.6568371138460553e-01   1.3554203763646775e-03   7.5320385730659912e-04
   3.4000000000000000e+01   1.6208769875770824e-03   1.3221773899068548e-03   9.8261746860832744e-01  -1.7060902398887109e-01   1.3842723856501680e-03   7.5165399515466204e-04
   3.5000000000000000e+01   1.6535215618849446e-03   1.3348955750118890e-03   9.8169462893302328e-01  -1.7551997773490952e-01   1.4137277136644219e-03   7.4836934673062623e-04
   3.6000000000000000e+01   1.6855481788050468e-03   1.3459114994355417e-03   9.8074912673896908e-01  -1.8042566551465122e-01   1.4452363296062129e-03   7.4785443326690884e-04
   3.7000000000000000e+01   1.7180221139559881e-03   1.3582144005221204e-03   9.7978388274340245e-01  -1.8532795024810780e-01   1.4759423106070345e-03   7.4160454013860104e-04
   3.8000000000000000e+01   1.7502767259636926e-03   1.3696577344249432e-03   9.7879158661190402e-01  -1.9022440928863513e-01   1.5048742048342297e-03   7.3519720149221694e-04
   3.9000000000000000e+01   1.7827482458577821e-03   1.3784623036296876e-03   9.7777400233632983e-01  -1.9511280228832792e-01   1.5333617420770567e-03   7.3119977984847082e-04
   4.0000000000000000e+01   1.8138284278327345e-03   1.3890596093841371e-03   9.7673075403090381e-01  -1.9999811781089172e-01   1.5634016362734108e-03   7.2459692244315808e-04
   4.1000000000000000e+01   1.8468269683811272e-03   1.3979395955908268e-03   9.7566491525523991e-01  -2.0487416152021548e-01   1.5897769457846570e-03   7.1766333202471296e-04
   4.2000000000000000e+01   1.8775191083791585e-03   1.4081394596214278e-03   9.7457873070600676e-01  -2.0974350815815443e-01   1.6199572976044576e-03   7.1031484711251000e-04
   4.3000000000000000e+01   1.9106513737213884e-03   1.4166621313785981e-03   9.7346524246495281e-01  -2.1460742832211405e-01   1.6480997693628873e-03   7.0256687604476349e-04
   4.4000000000000000e+01   1.9417306017545258e-03   1.4242417415904244e-03   9.7232883962351235e-01  -2.1946637443457875e-01   1.6768132869425453e-03   6.9561381477788609e-04
   4.5000000000000000e+01   1.9741813932316532e-03   1.4327968060911212e-03   9.7116969530346997e-01  -2.2431626822400932e-01   1.7046165994665725e-03   6.8426036969504098e-04
   4.6000000000000000e+01   2.0047545904943575e-03   1.4395992964194469e-03   9.6998477103275538e-01  -2.2916366836715105e-01   1.7324563221959085e-03   6.7617371192098253e-04
   4.7000000000000000e+01   2.0356971084666080e-03   1.4455926798910520e-03   9.6877277803482842e-01  -2.3400232093804807e-01   1.7586634598148463e-03   6.6753217864537245e-04
   4.8000000000000000e+01   2.0669933033234454e-03   1.4530751350433622e-03   9.6753903683695019e-01  -2.3882932543064489e-01   1.7868751535046210e-03   6.5745745522760980e-04
   4.9000000000000000e+01   2.0978928116859373e-03   1.4595657744403000e-03   9.6628323355979362e-01  -2.4365305561991446e-01   1.8123541334259432e-03   6.4640728447190382e-04
   5.0000000000000000e+01   2.1284191845819854e-03   1.4646415191124774e-03   9.6500518373478805e-01  -2.4846774497936305e-01   1.8416180107593961e-03   6.3766012039633869e-04
   5.1000000000000000e+01   2.1597745080140771e-03   1.4704148099153535e-03   9.6370219715895689e-01  -2.5327901171082251e-01   1.8702367862260222e-03   6.2592211241795526e-04
   5.2000000000000000e+01   2.1901652163911801e-03   1.4747965128936525e-03   9.6237546920322470e-01  -2.5808173926182276e-01   1.8974752276739082e-03   6.1400664363127854e-04
   5.3000000000000000e+01   2.2205731456433888e-03   1.4796473530131965e-03   9.6102498461603059e-01  -2.6287691144068298e-01   1.9241080860345355e-03   6.0180917736929419e-04
   5.4000000000000000e+01   2.2518121192070064e-03   1.4842311336101858e-03   9.5964732433032873e-01  -2.6765992402331473e-01   1.9484638285126377e-03   5.8886632588125054e-04
   5.5000000000000000e+01   2.2809982333447660e-03   1.4882034356723196e-03   9.5825186781518235e-01  -2.7243611894663777e-01   1.9781840832755488e-03   5.7746786274157167e-04
   5.6000000000000000e+01   2.3121981673200659e-03   1.4930131378641329e-03   9.5683190734832435e-01  -2.7720860335832098e-01   2.0045688583040715e-03   5.6654258219007757e-04
   5.7000000000000000e+01   2.3418743330736428e-03   1.4971290709749232e-03   9.5538974580345826e-01  -2.8196887628104778e-01   2.0339278862966537e-03   5.5329372528320009e-04
   5.8000000000000000e+01   2.3726462535044791e-03   1.5035724863647930e-03   9.5392639255346146e-01  -2.8672154149462187e-01   2.0637978547346095e-03   5.3689265136054468e-04
   5.9000000000000000e+01   2.4070797621507942e-03   1.5055565704177852e-03   9.5244058149332678e-01  -2.9147140860044179e-01   2.0936168793637485e-03   5.2252312358748486e-04
   6.0000000000000000e+01   2.4394929381165321e-03   1.5079344993524121e-03   9.5093376226896231e-01  -2.9621249813950540e-01   2.1228948204436320e-03   5.0083641417501368e-04
   6.1000000000000000e+01   2.4714267197117742e-03   1.5077731012347190e-03   9.4939768371694333e-01  -3.0095312161407561e-01   2.1464739987662640e-03   4.7860653915691716e-04
   6.2000000000000000e+01   2.5034191323834998e-03   1.5070656867342070e-03   9.4783453290446251e-01  -3.0568245224685103e-01   2.1701903291966303e-03   4.5923768078944384e-04
   6.3000000000000000e+01   2.5330145549328745e-03   1.5053613138662563e-03   9.4624628005880540e-01  -3.1040015097076801e-01   2.1905308267781576e-03   4.4112695738586115e-04
   6.4000000000000000e+01   2.5631330475320026e-03   1.5049958698271956e-03   9.4463649222361834e-01  -3.1510813682948763e-01   2.2112560310821846e-03   4.2363040420313248e-04
   6.5000000000000000e+01   2.5915829272909019e-03   1.5050288617024022e-03   9.4300206809814202e-01  -3.1980718108873252e-01   2.2349092072886929e-03   4.0683923155262623e-04
   6.6000000000000000e+01   2.6206010949599129e-03   1.5032365638136958e-03   9.4135192543668178e-01  -3.2449058428326616e-01   2.2576821552921789e-03   3.9288666809657942e-04
   6.7000000000000000e+01   2.6503452443579038e-03   1.5034299024479988e-03   9.3967573859457887e-01  -3.2916672441138600e-01   2.2793387738328911e-03   3.7370591554610117e-04
   6.8000000000000000e+01   2.6792977032432217e-03   1.5037356466967812e-03   9.3797398198148996e-01  -3.3383892759544231e-01   2.3022886910642145e-03   3.5431550109941046e-04
   6.9000000000000000e+01   2.7092302743017957e-03   1.5019926974612120e-03   9.3624967315195706e-01  -3.3849801674852859e-01   2.3161151538985693e-03   3.3496610788351757e-04
   7.0000000000000000e+01   2.7390433102423115e-03   1.5011725471450077e-03   9.3450698050159520e-01  -3.4314851510955513e-01   2.3385713470348455e-03   3.1481035200958750e-04
   7.1000000000000000e+01   2.7677196455915976e-03   1.4991967791842262e-03   9.3273886548153928e-01  -3.4778903924231619e-01   2.3598412345867551e-03   2.9693255476956944e-04
   7.2000000000000000e+01   2.7977038309533651e-03   1.4980402362693040e-03   9.3094804153553190e-01  -3.5242336130168306e-01   2.3790021420565222e-03   2.7539953135602055e-04
   7.3000000000000000e+01   2.8269567095402974e-03   1.4960097644027639e-03   9.2913491497383882e-01  -3.5705059437496511e-01   2.4000412773852197e-03   2.5388853302879327e-04
   7.4000000000000000e+01   2.8567279485526911e-03   1.4923767854517584e-03   9.2729824237863256e-01  -3.6166441479404843e-01   2.4184980732918520e-03   2.3506341470786373e-04
   7.5000000000000000e+01   2.8848267369760120e-03   1.4901072773270475e-03   9.2544004402103230e-01  -3.6626580978844608e-01   2.4389734816325304e-03   2.1469102559019590e-04
   7.6000000000000000e+01   2.9141742079634757e-03   1.4864263573859419e-03   9.2355770391404490e-01  -3.7086381436107135e-01   2.4594988055971056e-03   1.9211582356637447e-04
   7.7000000000000000e+01   2.9442991136941856e-03   1.4843238297913373e-03   9.2165255364519671e-01  -3.7544914219236059e-01   2.4783325899836741e-03   1.6832536402350252e-04
   7.8000000000000000e+01   2.9732721919945269e-03   1.4801561867175395e-03   9.1972541503144312e-01  -3.8001934003217508e-01   2.4969508111236808e-03   1.4961512530623812e-04
   7.9000000000000000e+01   3.0021992331513386e-03   1.4756209058975282e-03   9.1777805538090240e-01  -3.8457992702449961e-01   2.5169087043836261e-03   1.2913564435537987e-04
   8.0000000000000000e+01   3.0313520687735209e-03   1.4724857242115340e-03   9.1580556104203437e-01  -3.8913584369307258e-01   2.5342560853619310e-03   1.0404226721432916e-04
   8.1000000000000000e+01   3.0596562434001690e-03   1.4681217007729091e-03   9.1381341730400745e-01  -3.9367738858289053e-01   2.5521022273239454e-03   8.1405910314091140e-05
   8.2000000000000000e+01   3.0881917277175534e-03   1.4623187812422950e-03   9.1179821412065398e-01  -3.9820787737077790e-01   2.5698754305092360e-03   6.1230926814038935e-05
   8.3000000000000000e+01   3.1165672997780975e-03   1.4574008955272936e-03   9.0975794335122517e-01  -4.0273208470559740e-01   2.5860134881409633e-03   3.7477399286629104e-05
   8.4000000000000000e+01   3.1455063240241289e-03   1.4522184557677713e-03   9.0769565548448417e-01  -4.0724863771990116e-01   2.6043064076168377e-03   1.1511234165421068e-05
   8.5000000000000000e+01   3.1740696624656117e-03   1.4462799500825831e-03   9.0561434448234379e-01  -4.1174993657173614e-01   2.6189763116395673e-03  -8.9239387010878711e-06
   8.6000000000000000e+01   3.2026644105242726e-03   1.4395939012926426e-03   9.0351162898053061e-01  -4.1623949770194069e-01   2.6358423497658259e-03  -2.9937260641311764e-05
   8.7000000000000000e+01   3.2314260097137228e-03   1.4354839608380200e-03   9.0138105945540214e-01  -4.2072245871868830e-01   2.6514213243542398e-03  -5.8313621936328334e-05
   8.8000000000000000e+01   3.2605197804869471e-03   1.4283744341930271e-03   8.9923147868440534e-01  -4.2518837716352187e-01   2.6655222114195529e-03  -8.1779631896005279e-05
   8.9000000000000000e+01   3.2878255559582303e-03   1.4222107957747687e-03   8.9706421059477481e-01  -4.2963995556832379e-01   2.6801028213006097e-03  -1.0368969780397662e-04
   9.0000000000000000e+01   3.3168789975995716e-03   1.4154718527814860e-03   8.9486996022381005e-01  -4.3408604669723483e-01   2.6957280628433933e-03  -1.2760667448751591e-04
   9.1000000000000000e+01   3.3449552693266774e-03   1.4081891713925894e-03   8.9265359206767481e-01  -4.3852672405859011e-01   2.7095211958128463e-03  -1.5529425947120130e-04
   9.2000000000000000e+01   3.3725761069646441e-03   1.4005091371362645e-03   8.9041812818521204e-01  -4.4295022847370524e-01   2.7234222698424445e-03  -1.7695512507585323e-04
   9.3000000000000000e+01   3.4001100681108195e-03   1.3933167379873716e-03   8.8816211757524477e-01  -4.4735657743622986e-01   2.7373939293766011e-03  -2.0000390252753473e-04
   9.4000000000000000e+01   3.4288841115611424e-03   1.3861011259751277e-03   8.8588042665277777e-01  -4.5175821646246839e-01   2.7492335562981206e-03  -2.2794747470914400e-04
   9.5000000000000000e+01   3.4562507263957262e-03   1.3773862436877451e-03   8.8357653900507638e-01  -4.5614923923044259e-01   2.7630623280047186e-03  -2.5285836038589377e-04
   9.6000000000000000e+01   3.4841981862001217e-03   1.3693914441096351e-03   8.8125727736656645e-01  -4.6052018343525325e-01   2.7729517101054268e-03  -2.7663926241477130e-04
   9.7000000000000000e+01   3.5114775682225674e-03   1.3607890295301941e-03   8.7891039330151299e-01  -4.6488485689929471e-01   2.7861326573846413e-03  -3.0477130486801941e-04
   9.8000000000000000e+01   3.5401634163736572e-03   1.3514951920092781e-03   8.7654535821516222e-01  -4.6923246153174325e-01   2.7974022541608287e-03  -3.2818769434837325e-04
   9.9000000000000000e+01   3.5657529583284597e-03   1.3422835436784390e-03   8.7415819928856420e-01  -4.7357079921343659e-01   2.8105418136603962e-03  -3.5369992878107317e-04
   1.0000000000000000e+02   3.5936175714836524e-03   1.3334990857555341e-03   8.7175237573988740e-01  -4.7789573037361877e-01   2.8218328719790023e-03  -3.7722305909903891e-04
   1.0100000000000000e+02   3.6213577011512642e-03   1.3239345135812679e-03   8.6932189240613100e-01  -4.8221177682430844e-01   2.8333840625910031e-03  -4.0278846655646041e-04
   1.0200000000000000e+02   3.6489600517526266e-03   1.3147915126664391e-03   8.6687244558403942e-01  -4.8650965033816562e-01   2.8462806181458501e-03  -4.3017348966619068e-04
   1.0300000000000000e+02   3.6755480970052340e-03   1.3057525854606475e-03   8.6439680657088447e-01  -4.9080422716823557e-01   2.8570481785471125e-03  -4.5894954090750645e-04
   1.0400000000000000e+02   3.7024410762703862e-03   1.2958594047938823e-03   8.6190613486700918e-01  -4.9507674000623203e-01   2.8689161806192695e-03  -4.8332770898005953e-04
   1.0500000000000000e+02   3.7299252939895990e-03   1.2846363268498946e-03   8.5938768584045133e-01  -4.9934800584989208e-01   2.8785925829475220e-03  -5.1219211754293358e-04
   1.0600000000000000e+02   3.7560644263802340e-03   1.2734990830582480e-03   8.5685493681250502e-01  -5.0359169856830910e-01   2.8895510440734573e-03  -5.3435694371268888e-04
   1.0700000000000000e+02   3.7825588419656891e-03   1.2629152384311777e-03   8.5429429048801342e-01  -5.0783436968062190e-01   2.9002223715350272e-03  -5.5976366982305858e-04
   1.0800000000000000e+02   3.8093687872820950e-03   1.2524254349877693e-03   8.5172248165284126e-01  -5.1205029854134299e-01   2.9096198298726988e-03  -5.8174835146338269e-04
   1.0900000000000000e+02   3.8349339799258089e-03   1.2413754347405490e-03   8.4912519650359997e-01  -5.1626173037194378e-01   2.9221022371317801e-03  -6.0732246934850406e-04
   1.1000000000000000e+02   3.8616088944851169e-03   1.2310027773828570e-03   8.4651148345584004e-01  -5.2044948735429752e-01   2.9314221946802163e-03  -6.3071416226610560e-04
   1.1100000000000000e+02   3.8880132180637312e-03   1.2208152449947798e-03   8.4387200946309782e-01  -5.2463625692239801e-01   2.9426676152549650e-03  -6.5674478832698866e-04
   1.1200000000000000e+02   3.9137987747508594e-03   1.2084976368069815e-03   8.4121762353364948e-01  -5.2880114992905514e-01   2.9555840892080340e-03  -6.8031686875994705e-04
   1.1300000000000000e+02   3.9399954252523238e-03   1.1991982554176079e-03   8.3853916792617744e-01  -5.3295726683507083e-01   2.9693225124377393e-03  -7.0894904803053653e-04
   1.1400000000000000e+02   3.9653986676062934e-03   1.1881586048258998e-03   8.3583938810953595e-01  -5.3710485082665038e-01   2.9820588891800582e-03  -7.3599259903602433e-04
   1.1500000000000000e+02   3.9931474461114315e-03   1.1774259303937529e-03   8.3312305273881604e-01  -5.4123344218185521e-01   2.9943401956998806e-03  -7.6420174670463123e-04
   1.1600000000000000e+02   4.0190170271078287e-03   1.1660669485901089e-03   8.3038706869379453e-01  -5.4534851331835099e-01   3.0093765698447949e-03  -7.9231865618668981e-04
   1.1700000000000000e+02   4.0474024661752142e-03   1.1551826566188633e-03   8.2763176198325772e-01  -5.4945112256006889e-01   3.0202764402141517e-03  -8.2142597265280962e-04
   1.1800000000000000e+02   4.0748675348940642e-03   1.1438026194919967e-03   8.2485675440276185e-01  -5.5353997828241797e-01   3.0315140876482154e-03  -8.4900254744235638e-04
   1.1900000000000000e+02   4.1018570175252586e-03   1.1307000565089511e-03   8.2206162282126138e-01  -5.5761389138491324e-01   3.0412165842267770e-03  -8.7541494555837176e-04
   1.2000000000000000e+02   4.1299123375578032e-03   1.1179115982876669e-03   8.1924317733716778e-01  -5.6167572720266157e-01   3.0503819240308956e-03  -9.0575341315382021e-04
   1.2100000000000000e+02   4.1564147687499220e-03   1.1042978574685456e-03   8.1640392636784109e-01  -5.6572321713417517e-01   3.0610358753126788e-03  -9.3218779644674114e-04
   1.2200000000000000e+02   4.1847054031136444e-03   1.0907736985734588e-03   8.1354423136808562e-01  -5.6975655785333923e-01   3.0692629190272060e-03  -9.6193585178331372e-04
   1.2300000000000000e+02   4.2106118166563089e-03   1.0777910923032881e-03   8.1066926225968872e-01  -5.7377423640545477e-01   3.0813170216350836e-03  -9.9201335582094685e-04
   1.2400000000000000e+02   4.2382930561049069e-03   1.0650300159612896e-03   8.0777140145808779e-01  -5.7778122634037410e-01   3.0913204665481866e-03  -1.0217815205295858e-03
   1.2500000000000000e+02   4.2663338619023435e-03   1.0506146358123104e-03   8.0485651052497253e-01  -5.8177153932951853e-01   3.1007149949153117e-03  -1.0520510765772068e-03
   1.2600000000000000e+02   4.2944956291759749e-03   1.0357025086928952e-03   8.0191875474943308e-01  -5.8574889983853784e-01   3.1079211145241337e-03  -1.0821588568549869e-03
   1.2700000000000000e+02   4.3223627226112371e-03   1.0187846760170507e-03   7.9895642363847352e-01  -5.8971281621633886e-01   3.1143353476872958e-03  -1.1116977181508101e-03
   1.2800000000000000e+02   4.3494922905784545e-03   1.0037669981448503e-03   7.9597621310446010e-01  -5.9366095949870978e-01   3.1221435837213516e-03  -1.1412863338819889e-03
   1.2900000000000000e+02   4.3768669042363421e-03   9.8618203794430975e-04   7.9297507040865822e-01  -5.9758946392497070e-01   3.1242992367433585e-03  -1.1704818414824286e-03
   1.3000000000000000e+02   4.4015110990756985e-03   9.6941789154234091e-04   7.8995229269995193e-01  -6.0150373433580584e-01   3.1317862648414020e-03  -1.1963457955643658e-03
   1.3100000000000000e+02   4.4272523872064826e-03   9.5208280188498499e-04   7.8691182159272499e-01  -6.0539838634612442e-01   3.1370759854865869e-03  -1.2229537289705468e-03
   1.3200000000000000e+02   4.4532686283140395e-03   9.3511426881331093e-04   7.8385297400292153e-01  -6.0927735646626291e-01   3.1413143114589785e-03  -1.2477967014841058e-03
   1.3300000000000000e+02   4.4772058792299585e-03   9.1838327195418242e-04   7.8077386874611743e-01  -6.1314059107314411e-01   3.1489941723955731e-03  -1.2730875084725627e-03
   1.3400000000000000e+02   4.5024271731428081e-03   9.0129178594661923e-04   7.7767693605745292e-01  -6.1698838631773212e-01   3.1564986926051310e-03  -1.2994342111587991e-03
   1.3500000000000000e+02   4.5273653110146968e-03   8.8412799991834925e-04   7.7456146883086907e-01  -6.2082078482521841e-01   3.1676275268811747e-03  -1.3258149730647787e-03
   1.3600000000000000e+02   4.5520064571712869e-03   8.6677127394156758e-04   7.7142725614836427e-01  -6.2463751671677803e-01   3.1747377263474609e-03  -1.3536295054076266e-03
   1.3700000000000000e+02   4.5771872569463131e-03   8.5031733011467665e-04   7.6827511467219500e-01  -6.2843781131475662e-01   3.1817669065809726e-03  -1.3810805574752871e-03
   1.3800000000000000e+02   4.6007372382684767e-03   8.3372687869092093e-04   7.6510589582387345e-01  -6.3221915557153685e-01   3.1904724776168664e-03  -1.4075352355256976e-03
   1.3900000000000000e+02   4.6252796070333242e-03   8.1608798883199638e-04   7.6191851149450573e-01  -6.3598404652309992e-01   3.1964990553962945e-03  -1.4342328944440897e-03
   1.4000000000000000e+02   4.6493513257498181e-03   7.9801329561407606e-04   7.5871507952830730e-01  -6.3973122985061615e-01   3.2056979056059292e-03  -1.4603380273802416e-03
   1.4100000000000000e+02   4.6741071743076987e-03   7.8138502275313347e-04   7.5549171021542927e-01  -6.4346578796938403e-01   3.2134480503782244e-03  -1.4892020413120894e-03
   1.4200000000000000e+02   4.6981158649094376e-03   7.6376303661693300e-04   7.5224878402380502e-01  -6.4718584646841470e-01   3.2212175611464953e-03  -1.5188806235646004e-03
   1.4300000000000000e+02   4.7233354473949236e-03   7.4579932965078476e-04   7.4899020350433354e-01  -6.5088731335804950e-01   3.2275175465252960e-03  -1.5473537366738621e-03
   1.4400000000000000e+02   4.7468884837422991e-03   7.2713844916716744e-04   7.4571313985515952e-01  -6.5456964116541494e-01   3.2332492886578529e-03  -1.5721931836470008e-03
   1.4500000000000000e+02   4.7716236051848996e-03   7.0941989226804578e-04   7.4241880905279944e-01  -6.5823330216088205e-01   3.2401351647225757e-03  -1.6011537195865285e-03
   1.4600000000000000e+02   4.7960896067904251e-03   6.9183800512066871e-04   7.3910449752462004e-01  -6.6188664938255160e-01   3.2466544833617424e-03  -1.6311387364124248e-03
   1.4700000000000000e+02   4.8197241217229382e-03   6.7295734294922941e-04   7.3577122244084348e-01  -6.6552410344563973e-01   3.2531762720646529e-03  -1.6600667380231382e-03
   1.4800000000000000e+02   4.8441253863848038e-03   6.5496167166801365e-04   7.3242397084521149e-01  -6.6914222470566698e-01   3.2590645145478300e-03  -1.6901818920079413e-03
   1.4900000000000000e+02   4.8684684902860478e-03   6.3615543430636313e-04   7.2906014751760972e-01  -6.7273663167707443e-01   3.2631886028979089e-03  -1.7180543912439479e-03
   1.5000000000000000e+02   4.8931304421197686e-03   6.1659209954895427e-04   7.2567643002347582e-01  -6.7632044358141463e-01   3.2681359759697730e-03  -1.7475460620662141e-03
   1.5100000000000000e+02   4.9164163717338094e-03   5.9757541608129077e-04   7.2227373967737007e-01  -6.7988997284282815e-01   3.2730893934640785e-03  -1.7795847878880940e-03
   1.5200000000000000e+02   4.9399909461253760e-03   5.7674312591223951e-04   7.1885358545013889e-01  -6.8344243060058529e-01   3.2773364441218869e-03  -1.8106354513781203e-03
   1.5300000000000000e+02   4.9644398297578217e-03   5.5716285965441660e-04   7.1541684493518765e-01  -6.8697633834671468e-01   3.2812154562974110e-03  -1.8409066564825001e-03
   1.5400000000000000e+02   4.9885959126788251e-03   5.3742133438280872e-04   7.1196607227581787e-01  -6.9048953121349244e-01   3.2859549408419389e-03  -1.8711377560427667e-03
   1.5500000000000000e+02   5.0113431867813592e-03   5.1668675723049861e-04   7.0849555762229011e-01  -6.9398540528987895e-01   3.2886243657641208e-03  -1.8995589201317156e-03
   1.5600000000000000e+02   5.0354756943505391e-03   4.9789398338350105e-04   7.0500956769141976e-01  -6.9746448421084017e-01   3.2929996562585527e-03  -1.9324665104595131e-03
   1.5700000000000000e+02   5.0582095954581829e-03   4.7651615785599587e-04   7.0150422982196781e-01  -7.0092762760779448e-01   3.2959974595067197e-03  -1.9639171878192063e-03
   1.5800000000000000e+02   5.0824489941379497e-03   4.5629327449208713e-04   6.9798473076558643e-01  -7.0437092295917381e-01   3.2989868747935612e-03  -1.9960092478880573e-03
   1.5900000000000000e+02   5.1044640112603611e-03   4.3500685507130910e-04   6.9445037214140382e-01  -7.0779505696379597e-01   3.3024701400368285e-03  -2.0248896197034676e-03
   1.6000000000000000e+02   5.1275044332859060e-03   4.1470026025632604e-04   6.9090071141243969e-01  -7.1120277093564033e-01   3.3058363401125951e-03  -2.0568284461323664e-03
   1.6100000000000000e+02   5.1512392859871525e-03   3.9236474388558526e-04   6.8732877262132530e-01  -7.1459484246473737e-01   3.3075406209040438e-03  -2.0893018479789614e-03
   1.6200000000000000e+02   5.1748896782034988e-03   3.7157012592750746e-04   6.8373829336807002e-01  -7.1797013924767816e-01   3.3089635257313702e-03  -2.1230307077948199e-03
   1.6300000000000000e+02   5.1966278319737005e-03   3.4983201839294115e-04   6.8013813692446246e-01  -7.2132250917092389e-01   3.3112372078496219e-03  -2.1553732911179018e-03
   1.6400000000000000e+02   5.2196292523534991e-03   3.2885778033711632e-04   6.7652381267514605e-01  -7.2465457569999814e-01   3.3127684547608212e-03  -2.1874471420703732e-03
   1.6500000000000000e+02   5.2413980495957073e-03   3.0704579296496559e-04   6.7288769241137580e-01  -7.2797210931494671e-01   3.3147506184852977e-03  -2.2206828532577170e-03
   1.6600000000000000e+02   5.2655201196755569e-03   2.8445569989299678e-04   6.6923459821529474e-01  -7.3127381464507946e-01   3.3141112366320176e-03  -2.2551445474637243e-03
   1.6700000000000000e+02   5.2869356420150596e-03   2.6157604378448306e-04   6.6556980496944163e-01  -7.3455319752440162e-01   3.3167881017748257e-03  -2.2877945277281495e-03
   1.6800000000000000e+02   5.3095989816362571e-03   2.3870918180939732e-04   6.6188938170383527e-01  -7.3781386337582566e-01   3.3173517959186457e-03  -2.3208910382949482e-03
   1.6900000000000000e+02   5.3304178794389414e-03   2.1741830631391608e-04   6.5819098594953140e-01  -7.4105562340957132e-01   3.3189977166974828e-03  -2.3560453130647601e-03
   1.7000000000000000e+02   5.3536359724395679e-03   1.9337193013241129e-04   6.5447358667556943e-01  -7.4428441949526714e-01   3.3191823141339614e-03  -2.3925036312567359e-03
   1.7100000000000000e+02   5.3758672484880074e-03   1.7113023675312781e-04   6.5074146410486533e-01  -7.4749235338666287e-01   3.3187755662374787e-03  -2.4274457174212373e-03
   1.7200000000000000e+02   5.3970099058449723e-03   1.4770012504358609e-04   6.4699835980071430e-01  -7.5067651525377166e-01   3.3195815364146200e-03  -2.4631003771246980e-03
   1.7300000000000000e+02   5.4186799713462413e-03   1.2434035983289115e-04   6.4323765189380866e-01  -7.5384320576756803e-01   3.3202430083592192e-03  -2.4981956561023946e-03
   1.7400000000000000e+02   5.4403050788277155e-03   1.0036887239754198e-04   6.3945998472222487e-01  -7.5699441147971591e-01   3.3180544323529342e-03  -2.5334798926104308e-03
   1.7500000000000000e+02   5.4617739865603660e-03   7.7191723556264464e-05   6.3566964526933345e-01  -7.6012384791345322e-01   3.3173817953575822e-03  -2.5687387593394811e-03
   1.7600000000000000e+02   5.4817915649807520e-03   5.3995570161855358e-05   6.3186630034467506e-01  -7.6323115544568021e-01   3.3178399711121451e-03  -2.6043677561563353e-03
   1.7700000000000000e+02   5.5036530239447870e-03   2.9792487785825477e-05   6.2804985399594659e-01  -7.6631786714417816e-01   3.3169550443937217e-03  -2.6400584092135864e-03
   1.7800000000000000e+02   5.5245802953438053e-03   6.0374680710262005e-06   6.2421032591058656e-01  -7.6939282782076035e-01   3.3148658468975262e-03  -2.6779291180683727e-03
   1.7900000000000000e+02   5.5440315545636750e-03  -1.9302435183755032e-05   6.2035660889736954e-01  -7.7244790777688876e-01   3.3118084363404077e-03  -2.7112343406808263e-03
   1.8000000000000000e+02   5.5647157901172785e-03  -4.2617664751802590e-05   6.1649479178023348e-01  -7.7547800734504235e-01   3.3109992144012435e-03  -2.7478243203869412e-03
   1.8100000000000000e+02   5.5851932666225578e-03  -6.6154163297155004e-05   6.1261818214924180e-01  -7.7848938367366260e-01   3.3083406506999248e-03  -2.7858591492855387e-03
   1.8200000000000000e+02   5.6037428658208864e-03  -9.0938598121811400e-05   6.0872588936386141e-01  -7.8148578569993443e-01   3.3069102499589513e-03  -2.8234355739157266e-03
   1.8300000000000000e+02   5.6250372381334299e-03  -1.1565392850269733e-04   6.0482260755426831e-01  -7.8445893910073350e-01   3.3037999644622319e-03  -2.8614452544722564e-03
   1.8400000000000000e+02   5.6452228167849583e-03  -1.3837546553812662e-04   6.0090676478868366e-01  -7.8741293471363560e-01   3.3011252779788719e-03  -2.9025152838775166e-03
   1.8500000000000000e+02   5.6657978816821797e-03  -1.6149981685053936e-04   5.9696986687991072e-01  -7.9035210913142040e-01   3.2992367085468580e-03  -2.9434479497183379e-03
   1.8600000000000000e+02   5.6862362904391874e-03  -1.8676817615575288e-04   5.9302257665965330e-01  -7.9327054556706122e-01   3.2951928872401903e-03  -2.9842377093634376e-03
   1.8700000000000000e+02   5.7068065694818992e-03  -2.0977151800763275e-04   5.8906049504559688e-01  -7.9617275706811574e-01   3.2904139514994012e-03  -3.0244123948598035e-03
   1.8800000000000000e+02   5.7279969269333209e-03  -2.3501836651827578e-04   5.8508657356589278e-01  -7.9905405021438991e-01   3.2837916700159202e-03  -3.0660499363655480e-03
   1.8900000000000000e+02   5.7501243120427455e-03  -2.5991761347039511e-04   5.8109323256664980e-01  -8.0192040948423438e-01   3.2733770287444986e-03  -3.1090511752415867e-03
   1.9000000000000000e+02   5.7715372072794811e-03  -2.8550309573010076e-04   5.7708499154227089e-01  -8.0476460954003437e-01   3.2638907861641036e-03  -3.1474727170676146e-03
   1.9100000000000000e+02   5.7923885635193864e-03  -3.1133022689840335e-04   5.7306964520729731e-01  -8.0758203664577710e-01   3.2537961504514631e-03  -3.1879152447172052e-03
   1.9200000000000000e+02   5.8137926385115413e-03  -3.3876585289230668e-04   5.6903115658997283e-01  -8.1038575161877358e-01   3.2420040120375608e-03  -3.2248833884949424e-03
   1.9300000000000000e+02   5.8350499155106631e-03  -3.6698343986792516e-04   5.6498196220652919e-01  -8.1316684869565514e-01   3.2291732770247314e-03  -3.2600526200066487e-03
   1.9400000000000000e+02   5.8541488960939629e-03  -3.9381417871786650e-04   5.6091128363068443e-01  -8.1592970928204689e-01   3.2037704308254308e-03  -3.3050025112869204e-03
   1.9500000000000000e+02   5.8750756381234131e-03  -4.2296096125630188e-04   5.5683396898341764e-01  -8.1866688882730754e-01   3.1930931542907149e-03  -3.3396295475605206e-03
   1.9600000000000000e+02   5.8937289374222631e-03  -4.5139950578657517e-04   5.5274626297460505e-01  -8.2138176563074927e-01   3.1831197910906651e-03  -3.3740913141226134e-03
   1.9700000000000000e+02   5.9125526485130121e-03  -4.8063297938068965e-04   5.4864502396320758e-01  -8.2407513116157560e-01   3.1724341447955376e-03  -3.4091915961801953e-03
   1.9800000000000000e+02   5.9302910616084647e-03  -5.0863938420073445e-04   5.4453012099328579e-01  -8.2674985317426919e-01   3.1628234319847816e-03  -3.4428308745599245e-03
   1.9900000000000000e+02   5.9483024006342644e-03  -5.3611677158232006e-04   5.4040165499895443e-01  -8.2940594109361587e-01   3.1519981848567268e-03  -3.4773945159050825e-03
   2.0000000000000000e+02   5.9660301486016499e-03  -5.6514244092761390e-04   5.3626460773698126e-01  -8.3203889293506594e-01   3.1419800276596176e-03  -3.5110601834008586e-03
   2.0100000000000000e+02   5.9830054018073569e-03  -5.9253435699165621e-04   5.3211683881987615e-01  -8.3465029016877323e-01   3.1321306097701071e-03  -3.5485006404241985e-03
   2.0200000000000000e+02   5.9997807521671694e-03  -6.2124853701069559e-04   5.2795327220524613e-01  -8.3724409406205214e-01   3.1221688856665347e-03  -3.5837212875306414e-03
   2.0300000000000000e+02   6.0178053497059241e-03  -6.4917847015300782e-04   5.2377519166675324e-01  -8.3981870663072844e-01   3.1099041325214341e-03  -3.6196133784814327e-03
   2.0400000000000000e+02   6.0355520122617259e-03  -6.7590006664964457e-04   5.1958622989305536e-01  -8.4237052336972229e-01   3.0970746454073292e-03  -3.6577254928454542e-03
   2.0500000000000000e+02   6.0514964667038769e-03  -7.0467388914730988e-04   5.1538568428317244e-01  -8.4490064929261266e-01   3.0837281723138147e-03  -3.6904905636922858e-03
   2.0600000000000000e+02   6.0685153687448775e-03  -7.3186645226204353e-04   5.1117433210311514e-01  -8.4741053445509373e-01   3.0704422373853441e-03  -3.7259317443869202e-03
   2.0700000000000000e+02   6.0849196347348396e-03  -7.6323319629047713e-04   5.0694993310039338e-01  -8.4989899162359028e-01   3.0575098666023428e-03  -3.7609133164707535e-03
   2.0800000000000000e+02   6.0986543603797870e-03  -7.9399460769925074e-04   5.0271024030105904e-01  -8.5237127244670241e-01   3.0488320218806874e-03  -3.7913823973614504e-03
   2.0900000000000000e+02   6.1180562896360532e-03  -8.1968254114269659e-04   4.9845862305336031e-01  -8.5481594734357624e-01   3.0292419674213811e-03  -3.8314580293752924e-03
   2.1000000000000000e+02   6.1342851768062655e-03  -8.4840209386409450e-04   4.9420210995689229e-01  -8.5723908238310520e-01   3.0153216083070866e-03  -3.8659047294037855e-03
   2.1100000000000000e+02   6.1564016329376317e-03  -8.7435023208336379e-04   4.8992760614295444e-01  -8.5964575993272996e-01   2.9969552575122992e-03  -3.9071600150608673e-03
   2.1200000000000000e+02   6.1656875494062813e-03  -9.0615601206722653e-04   4.8564766214014060e-01  -8.6202825038085773e-01   2.9835552820948741e-03  -3.9329708703184241e-03
   2.1300000000000000e+02   6.1820575411283421e-03  -9.3507133586892544e-04   4.8134978348848606e-01  -8.6439222201042964e-01   2.9667338078336078e-03  -3.9678589683657828e-03
   2.1400000000000000e+02   6.1983715674109588e-03  -9.6491489928986446e-04   4.7703892245474816e-01  -8.6673337103783510e-01   2.9484468846838639e-03  -4.0002253402464626e-03
   2.1500000000000000e+02   6.2126071206552412e-03  -9.9499891745096674e-04   4.7272443304744843e-01  -8.6905069771388688e-01   2.9308554658016139e-03  -4.0323004810979522e-03
   2.1600000000000000e+02   6.2282446911642326e-03  -1.0229017879600827e-03   4.6840319596357965e-01  -8.7134526806070467e-01   2.9141722537039181e-03  -4.0647284676412904e-03
   2.1700000000000000e+02   6.2436906945140700e-03  -1.0520474143586730e-03   4.6406734609082118e-01  -8.7361944522068713e-01   2.8956048609509407e-03  -4.0966499167183583e-03
   2.1800000000000000e+02   6.2591889358761671e-03  -1.0811220628065741e-03   4.5971319102547975e-01  -8.7587721794952367e-01   2.8758282225408204e-03  -4.1278500156066052e-03
   2.1900000000000000e+02   6.2729260753217244e-03  -1.1107024823883106e-03   4.5535205845581161e-01  -8.7811075864829868e-01   2.8572324476756608e-03  -4.1569370713712911e-03
   2.2000000000000000e+02   6.2881575300390404e-03  -1.1407713344732727e-03   4.5098501017813597e-01  -8.8031997162645947e-01   2.8394101972645364e-03  -4.1873887268339700e-03
   2.2100000000000000e+02   6.3026381589872706e-03  -1.1697660655441212e-03   4.4660940666045479e-01  -8.8250672600984281e-01   2.8187881803230048e-03  -4.2187130506252980e-03
   2.2200000000000000e+02   6.3164008494610230e-03  -1.2006788846990167e-03   4.4221819115928823e-01  -8.8467503850432028e-01   2.7983919395777167e-03  -4.2478816879145467e-03
   2.2300000000000000e+02   6.3313392530508139e-03  -1.2295798279345334e-03   4.3781240554443113e-01  -8.8682559270666483e-01   2.7772102450299490e-03  -4.2795693776868865e-03
   2.2400000000000000e+02   6.3450198230811834e-03  -1.2598809954101195e-03   4.3339844516976772e-01  -8.8895041228151273e-01   2.7558963118178583e-03  -4.3079440461440072e-03
   2.2500000000000000e+02   6.3588048403958449e-03  -1.2901821864310893e-03   4.2898274607908121e-01  -8.9105007483497800e-01   2.7368805751724207e-03  -4.3350968088850753e-03
   2.2600000000000000e+02   6.3726864940638374e-03  -1.3199950752445842e-03   4.2455286996156338e-01  -8.9312892454195292e-01   2.7136772283540369e-03  -4.3651757480608726e-03
   2.2700000000000000e+02   6.3864078838978284e-03  -1.3512981850972534e-03   4.2010901847584103e-01  -8.9518827993567152e-01   2.6925014228886737e-03  -4.3959473940705391e-03
   2.2800000000000000e+02   6.3988317465446193e-03  -1.3796771957501391e-03   4.1565351451586402e-01  -8.9722902293882856e-01   2.6702693057234130e-03  -4.4246854040022824e-03
   2.2900000000000000e+02   6.4137743027399864e-03  -1.4109594195202667e-03   4.1119071045298078e-01  -8.9924568845129149e-01   2.6456516194922051e-03  -4.4514108545716611e-03
   2.3000000000000000e+02   6.4263123521813986e-03  -1.4395424246244194e-03   4.0671957434408318e-01  -9.0123895055717507e-01   2.6234437948882776e-03  -4.4818132907300679e-03
   2.3100000000000000e+02   6.4397325494174465e-03  -1.4701988127203028e-03   4.0223903954575885e-01  -9.0320947614336067e-01   2.6006731985913447e-03  -4.5086278287458830e-03
   2.3200000000000000e+02   6.4525297634666547e-03  -1.5002266814158633e-03   3.9774765611565849e-01  -9.0515972699000091e-01   2.5770599248733242e-03  -4.5381203771242429e-03
   2.3300000000000000e+02   6.4650050369753952e-03  -1.5320428430391538e-03   3.9324467643864469e-01  -9.0708594254073727e-01   2.5550087445759639e-03  -4.5629310891509662e-03
   2.3400000000000000e+02   6.4769796070340228e-03  -1.5624343109661982e-03   3.8873557317861024e-01  -9.0899054575007976e-01   2.5317291182125230e-03  -4.5909728210299181e-03
   2.3500000000000000e+02   6.4905316173571211e-03  -1.5936527637687022e-03   3.8421548176272530e-01  -9.1087188956119036e-01   2.5067927369819289e-03  -4.6180578828534033e-03
   2.3600000000000000e+02   6.5015256784495849e-03  -1.6256760711015985e-03   3.7968813942316321e-01  -9.1273173232684446e-01   2.4835229990894602e-03  -4.6422443773596316e-03
   2.3700000000000000e+02   6.5136945777437292e-03  -1.6559809340311170e-03   3.7515023304261330e-01  -9.1456976754228936e-01   2.4598265105035010e-03  -4.6705919986263318e-03
   2.3800000000000000e+02   6.5271926185053956e-03  -1.6868765666603345e-03   3.7060539339779891e-01  -9.1638330160420611e-01   2.4344252260974416e-03  -4.6974479468642758e-03
   2.3900000000000000e+02   6.5382039268972458e-03  -1.7179317284603413e-03   3.6605183622246296e-01  -9.1817495492350343e-01   2.4097745137308100e-03  -4.7206534417920786e-03
   2.4000000000000000e+02   6.5493870471715881e-03  -1.7489314816374628e-03   3.6149117297578554e-01  -9.1994531983033667e-01   2.3841352366863540e-03  -4.7468719364189230e-03
   2.4100000000000000e+02   6.5604558966745842e-03  -1.7794810778761915e-03   3.5692264644410665e-01  -9.2169198014542941e-01   2.3586078178739907e-03  -4.7701708011976410e-03
   2.4200000000000000e+02   6.5710694144356652e-03  -1.8113515821730395e-03   3.5234829541866741e-01  -9.2341535374587402e-01   2.3345640300993496e-03  -4.7956373373958163e-03
   2.4300000000000000e+02   6.5822190197702196e-03  -1.8428456543704891e-03   3.4776439180757274e-01  -9.2511692111423349e-01   2.3084124834294078e-03  -4.8225602803415486e-03
   2.4400000000000000e+02   6.5927712070246707e-03  -1.8742921085387486e-03   3.4316932923913657e-01  -9.2679724135177477e-01   2.2814366631397709e-03  -4.8477728196445235e-03
   2.4500000000000000e+02   6.6031820291533594e-03  -1.9045467993830797e-03   3.3856629368367847e-01  -9.2845379092614488e-01   2.2560324844298789e-03  -4.8722926134487209e-03
   2.4600000000000000e+02   6.6131077692269139e-03  -1.9367935065613380e-03   3.3395736290161543e-01  -9.3008615348956947e-01   2.2301784159175103e-03  -4.8955316197344025e-03
   2.4700000000000000e+02   6.6230151074244716e-03  -1.9676768945499205e-03   3.2934301671003485e-01  -9.3169561315800531e-01   2.2044344639806971e-03  -4.9214584147222957e-03
   2.4800000000000000e+02   6.6336486646182673e-03  -1.9986394807873491e-03   3.2471708219853584e-01  -9.3328341108833723e-01   2.1772999510977836e-03  -4.9457533190071963e-03
   2.4900000000000000e+02   6.6424768696182850e-03  -2.0297206060391772e-03   3.2008432053878560e-01  -9.3484987242469442e-01   2.1521070223630670e-03  -4.9711196983297096e-03
   2.5000000000000000e+02   6.6528193597052039e-03  -2.0617782511282950e-03   3.1544683665326989e-01  -9.3639089970504807e-01   2.1247043940700846e-03  -4.9963600330201223e-03
